Marbella
CD Gerena
2015 1 21
16 0
1.85
3.6
3.4
1.286
1.833
1.3
-1
11.0
-1
3.5
-1
1.65
-1
1.333
-1
1.111
-1
1.03
-1
-1
-1
-1
-1
-1
-1
-1
-1
-1
1.05
-1
1.286
-1
2.2
-1
3.25
-1
6.5
-1
15.0
-1
-1
-1
-1
-1
-1
-1
-1
-1
1.95
1.9
2.0
1.727
2.25
1.571
-1
6.0
-1
2.2
-1
1.364
-1
1.111
-1
1.03
-1
-1
-1
-1
-1
-1
-1
-1
-1
-1
-1
-1
1.125
-1
1.615
-1
3.0
-1
6.5
-1
15.0
-1
-1
-1
-1
-1
-1
-1
-1
-1
-1
-1
-1
1.833
-1
1.143
-1
1.02
-1
-1
-1
-1
-1
-1
-1
-1
-1
-1
-1
-1
-1
-1
-1
-1
1.833
-1
5.5
-1
19.0
-1
-1
-1
-1
-1
-1
-1
-1
-1
-1
-1
-1
-1
-1
-1
-1
-1
4.65
3.1
2.15
1.675
1.4
1.24
1.13
-1
-1
-1
-1
-1
-1
-1
-1
-1
-1
-1
-1
-1
1.18
1.35
1.675
2.15
2.85
3.9
6.0
-1
-1
-1
-1
-1
-1
-1
-1
-1
-1
-1
-1
-1
-1
-1
-1
-1
-1
-1
-1
-1
-1
-1
-1
-1
-1
4.1
3.2
2.2
1.7
1.425
1.925
1.1
-1
-1
-1
-1
-1
-1
-1
-1
-1
-1
-1
-1
-1
-1
-1
-1
-1
-1
-1
-1
-1
-1
-1
-1
-1
-1
-1
-1
-1
-1
-1
-1
-1
-1
-1
-1
-1
-1
7.2
1.875
2.75
2.1
1.65
1.325
1.225
-1
-1
-1
-1
-1
-1
-1
-1
-1
-1
-1
-1
-1
-1
-1
-1
-1
-1
-1
-1
-1
-1
-1
-1
-1
-1
-1
-1
-1
5.5
3.7
2.6
2.025
1.525
1.275
1.115
-1
-1
-1
-1
-1
-1
-1
-1
-1
-1
-1
-1
-1
-1
-1
-1
-1
-1
-1
-1
-1
-1
-1
-1
-1
-1
-1
-1
-1
-1
-1
-1
-1
-1
-1
-1
-1
-1
6.4
3.55
2.425
1.875
1.475
1.26
1.15
-1
-1
-1
-1
-1
-1
-1
-1
-1
-1
-1
-1
-1
-1
11.0
4.75
3.6
4.0
6.0
11.0
23.0
29.0
-1
-1
-1
-1
-1
-1
-1
-1
-1
-1
-1
-1
-1
-1
-1
-1
-1
-1
-1
-1
-1
-1
-1
-1
-1
-1
-1
2.1
1.667
-1
-1
-1
3.5
4.0
6.5
8.5
-1
-1
-1
-1
-1
-1
-1
8.0
19.0
81.0
351.0
-1
-1
-1
-1
-1
-1
8.0
9.0
19.0
41.0
41.0
-1
-1
-1
-1
-1
-1
-1
-1
-1
-1
-1
6.0
7.5
15.0
34.0
81.0
81.0
-1
-1
-1
-1
-1
-1
-1
-1
-1
-1
8.5
10.0
21.0
41.0
51.0
-1
-1
-1
-1
-1
-1
-1
-1
-1
-1
-1
15.0
19.0
34.0
67.0
81.0
-1
-1
-1
-1
-1
-1
-1
-1
-1
-1
-1
34.0
41.0
51.0
81.0
-1
-1
-1
-1
-1
-1
-1
-1
-1
-1
-1
-1
51.0
67.0
81.0
301.0
-1
-1
-1
-1
-1
-1
-1
-1
-1
-1
-1
-1
81.0
101.0
251.0
-1
-1
-1
-1
-1
-1
-1
-1
-1
-1
-1
-1
-1
201.0
301.0
-1
-1
-1
-1
-1
-1
-1
-1
-1
-1
-1
-1
-1
-1
-1
-1
-1
-1
-1
-1
-1
-1
-1
-1
-1
-1
-1
-1
-1
-1
-1
-1
-1
-1
-1
-1
-1
-1
-1
-1
-1
-1
-1
-1
-1
-1
-1
-1
-1
-1
-1
-1
-1
-1
-1
-1
-1
-1
-1
-1
-1
-1
-1
-1
-1
-1
-1
-1
-1
-1
-1
-1
-1
-1
-1
-1
-1
-1
-1
-1
-1
-1
-1
-1
-1
-1
-1
-1
-1
-1
-1
-1
-1
-1
-1
-1
-1
-1
-1
-1
-1
-1
-1
-1
-1
-1
-1
-1
-1
-1
-1
-1
-1
-1
-1
-1
-1
-1
-1
-1
-1
-1
-1
-1
-1
-1
-1
-1
-1
-1
-1
-1
-1
-1
-1
-1
-1
-1
-1
-1
-1
-1
