Equatorial Guinea
Burkina Faso
2015 1 21
16 0
4.2
2.0
3.1
1.833
1.25
1.38
-1
7.0
-1
2.625
-1
1.533
-1
1.182
-1
1.05
-1
1.012
-1
-1
-1
-1
-1
-1
-1
-1
-1
-1
1.1
-1
1.444
-1
2.4
-1
4.5
-1
11.0
-1
23.0
-1
-1
-1
-1
-1
-1
-1
-1
-1
1.95
1.9
2.2
1.615
2.0
1.727
-1
2.2
-1
1.222
-1
1.04
-1
1.111
-1
1.03
-1
-1
-1
-1
-1
-1
-1
-1
-1
-1
-1
-1
1.615
-1
4.0
-1
13.0
-1
6.5
-1
15.0
-1
-1
-1
-1
-1
-1
-1
-1
-1
-1
-1
-1
3.5
-1
1.533
-1
1.143
-1
1.03
-1
-1
-1
-1
-1
-1
-1
-1
-1
-1
-1
-1
-1
-1
1.286
-1
2.375
-1
5.5
-1
15.0
-1
-1
-1
-1
-1
-1
-1
-1
-1
-1
-1
-1
-1
-1
6.1
3.35
2.3
1.675
1.4
1.21
1.125
1.1
-1
-1
-1
-1
-1
-1
-1
-1
-1
-1
-1
-1
1.125
1.3
1.6
2.15
2.85
4.25
6.1
7.2
-1
-1
-1
-1
-1
-1
-1
-1
-1
-1
-1
-1
-1
-1
-1
-1
-1
-1
-1
-1
-1
-1
-1
-1
-1
-1
4.25
3.55
2.3
1.65
3.9
2.85
1.8
1.35
1.24
-1
-1
-1
-1
-1
-1
-1
-1
-1
-1
-1
-1
-1
-1
-1
-1
-1
-1
-1
-1
-1
-1
-1
-1
-1
-1
-1
-1
-1
-1
-1
-1
-1
-1
3.9
3.1
2.0
1.4
1.24
2.2
1.6
1.275
1.21
-1
-1
-1
-1
-1
-1
-1
-1
-1
-1
-1
-1
-1
-1
-1
-1
-1
-1
-1
-1
-1
-1
-1
-1
-1
-1
-1
-1
-1
5.75
3.9
2.675
2.025
5.5
3.35
2.1
1.575
1.3
1.16
-1
-1
-1
-1
-1
-1
-1
-1
-1
-1
-1
-1
-1
-1
-1
-1
-1
-1
-1
-1
-1
-1
-1
-1
-1
-1
-1
-1
-1
-1
-1
-1
5.25
3.35
2.35
1.7
1.3
1.15
1.825
1.45
1.24
1.14
-1
-1
-1
-1
-1
-1
-1
-1
-1
-1
-1
-1
-1
-1
7.0
3.75
3.25
4.5
7.5
17.0
41.0
51.0
-1
-1
-1
-1
-1
-1
-1
-1
-1
-1
-1
-1
-1
-1
-1
-1
-1
-1
-1
-1
-1
-1
-1
-1
-1
-1
-1
2.1
1.667
-1
-1
-1
5.5
11.0
41.0
101.0
-1
-1
-1
-1
-1
-1
-1
3.5
5.5
11.0
17.0
-1
-1
-1
-1
-1
-1
7.0
5.5
8.0
17.0
41.0
101.0
351.0
-1
-1
-1
-1
-1
-1
-1
-1
-1
9.0
6.0
9.0
19.0
41.0
101.0
-1
-1
-1
-1
-1
-1
-1
-1
-1
-1
19.0
15.0
19.0
41.0
67.0
201.0
-1
-1
-1
-1
-1
-1
-1
-1
-1
-1
41.0
41.0
51.0
67.0
201.0
-1
-1
-1
-1
-1
-1
-1
-1
-1
-1
-1
126.0
101.0
151.0
301.0
-1
-1
-1
-1
-1
-1
-1
-1
-1
-1
-1
-1
34.0
51.0
126.0
301.0
-1
-1
-1
-1
-1
-1
-1
-1
-1
-1
-1
-1
67.0
101.0
301.0
-1
-1
-1
-1
-1
-1
-1
-1
-1
-1
-1
-1
-1
201.0
301.0
-1
-1
-1
-1
-1
-1
-1
-1
-1
-1
-1
-1
-1
-1
-1
-1
-1
-1
-1
-1
-1
-1
-1
-1
-1
-1
-1
-1
-1
-1
-1
-1
-1
-1
-1
-1
-1
-1
-1
-1
-1
-1
-1
-1
-1
-1
-1
-1
-1
-1
-1
-1
-1
-1
-1
-1
-1
-1
-1
-1
-1
-1
-1
-1
-1
-1
-1
-1
-1
-1
-1
-1
-1
-1
-1
-1
-1
-1
-1
-1
-1
-1
-1
-1
-1
-1
-1
-1
-1
-1
-1
-1
-1
-1
-1
-1
-1
-1
-1
-1
-1
-1
-1
-1
-1
-1
-1
-1
-1
-1
-1
-1
-1
-1
-1
-1
-1
-1
-1
-1
-1
-1
-1
-1
-1
-1
-1
-1
-1
-1
-1
-1
-1
-1
-1
-1
-1
-1
-1
-1
-1
-1
