Monaco
Evian Thonon Gaillard
2015 1 21
16 0
1.364
9.0
4.5
1.075
3.2
1.2
-1
10.0
-1
3.25
-1
1.75
-1
1.25
-1
1.083
-1
1.025
-1
-1
-1
-1
-1
-1
-1
-1
-1
-1
1.063
-1
1.333
-1
2.05
-1
3.75
-1
8.0
-1
17.0
-1
-1
-1
-1
-1
-1
-1
-1
-1
1.95
1.9
1.833
1.833
2.625
1.444
-1
6.0
-1
2.2
-1
1.364
-1
1.111
-1
1.03
-1
-1
-1
-1
-1
-1
-1
-1
-1
-1
-1
-1
1.125
-1
1.615
-1
3.0
-1
6.5
-1
15.0
-1
-1
-1
-1
-1
-1
-1
-1
-1
-1
-1
-1
1.667
-1
1.083
-1
1.01
-1
-1
-1
-1
-1
-1
-1
-1
-1
-1
-1
-1
-1
-1
-1
-1
2.1
-1
8.0
-1
26.0
-1
-1
-1
-1
-1
-1
-1
-1
-1
-1
-1
-1
-1
-1
-1
-1
-1
4.15
2.675
2.15
1.575
1.325
1.19
1.1
-1
-1
-1
-1
-1
-1
-1
-1
-1
-1
-1
-1
-1
1.22
1.45
1.675
2.35
3.2
4.5
7.2
-1
-1
-1
-1
-1
-1
-1
-1
-1
-1
-1
-1
-1
-1
-1
-1
-1
-1
-1
-1
-1
-1
-1
-1
-1
-1
4.25
3.55
2.3
1.65
1.35
1.11
1.1
-1
-1
-1
-1
-1
-1
-1
-1
-1
-1
-1
-1
-1
-1
-1
-1
-1
-1
-1
-1
-1
-1
-1
-1
-1
-1
-1
-1
-1
-1
-1
-1
-1
-1
-1
-1
-1
-1
7.2
6.6
3.1
2.2
1.6
1.275
1.21
-1
-1
-1
-1
-1
-1
-1
-1
-1
-1
-1
-1
-1
-1
-1
-1
-1
-1
-1
-1
-1
-1
-1
-1
-1
-1
-1
-1
-1
5.75
3.9
2.675
2.025
1.475
1.23
1.115
-1
-1
-1
-1
-1
-1
-1
-1
-1
-1
-1
-1
-1
-1
-1
-1
-1
-1
-1
-1
-1
-1
-1
-1
-1
-1
-1
-1
-1
-1
-1
-1
-1
-1
-1
-1
-1
-1
6.4
4.0
2.6
1.825
1.45
1.24
1.14
-1
-1
-1
-1
-1
-1
-1
-1
-1
-1
-1
-1
-1
-1
10.0
4.333
3.5
4.0
6.5
12.0
26.0
34.0
-1
-1
-1
-1
-1
-1
-1
-1
-1
-1
-1
-1
-1
-1
-1
-1
-1
-1
-1
-1
-1
-1
-1
-1
-1
-1
-1
2.5
1.5
-1
-1
-1
3.4
4.0
6.0
8.0
-1
-1
-1
-1
-1
-1
-1
9.0
21.0
126.0
501.0
-1
-1
-1
-1
-1
-1
10.0
17.0
41.0
126.0
41.0
-1
-1
-1
-1
-1
-1
-1
-1
-1
-1
-1
5.0
9.0
26.0
81.0
81.0
81.0
-1
-1
-1
-1
-1
-1
-1
-1
-1
-1
5.5
9.0
29.0
81.0
51.0
-1
-1
-1
-1
-1
-1
-1
-1
-1
-1
-1
8.0
13.0
41.0
126.0
81.0
-1
-1
-1
-1
-1
-1
-1
-1
-1
-1
-1
15.0
26.0
51.0
201.0
-1
-1
-1
-1
-1
-1
-1
-1
-1
-1
-1
-1
34.0
51.0
126.0
301.0
-1
-1
-1
-1
-1
-1
-1
-1
-1
-1
-1
-1
67.0
101.0
301.0
-1
-1
-1
-1
-1
-1
-1
-1
-1
-1
-1
-1
-1
201.0
301.0
-1
-1
-1
-1
-1
-1
-1
-1
-1
-1
-1
-1
-1
-1
-1
-1
-1
-1
-1
-1
-1
-1
-1
-1
-1
-1
-1
-1
-1
-1
-1
-1
-1
-1
-1
-1
-1
-1
-1
-1
-1
-1
-1
-1
-1
-1
-1
-1
-1
-1
-1
-1
-1
-1
-1
-1
-1
-1
-1
-1
-1
-1
-1
-1
-1
-1
-1
-1
-1
-1
-1
-1
-1
-1
-1
-1
-1
-1
-1
-1
-1
-1
-1
-1
-1
-1
-1
-1
-1
-1
-1
-1
-1
-1
-1
-1
-1
-1
-1
-1
-1
-1
-1
-1
-1
-1
-1
-1
-1
-1
-1
-1
-1
-1
-1
-1
-1
-1
-1
-1
-1
-1
-1
-1
-1
-1
-1
-1
-1
-1
-1
-1
-1
-1
-1
-1
-1
-1
-1
-1
-1
-1
