26278650 48333108
26278650 48333110
26278650 48333112
26278650 48333114
26278650 48333116
26278650 48333118
26278650 48333120
26278650 48333123
26278650 48333125
26278650 48333127
26278650 48614869
26278650 48614871
26278650 48614873
26278650 48614875
26278650 48614877
26278650 48614879
26278650 48614881
26278650 48614883
26278650 48614885
26278650 48614887
26570589 48433374
26570589 48433376
26570589 48433380
26570589 48433384
26570589 48558698
26570589 48558700
26570589 48433390
26570589 48433378
26570589 48558696
26570589 48558702
26570589 48558706
26570589 48442892
26570589 48558708
26570589 48433382
26570589 48433386
26570589 48433388
26537275 48218401
26278644 48552445
26278644 48342736
26278644 48342784
26278644 48342813
26278644 48342815
26278644 48342817
26278647 48343833
26278647 48343837
26278647 48343839
26278647 48343841
26278647 48343843
26278647 48343845
26278647 48343857
26278655 48343975
26278655 48343977
26278655 48343981
26278655 48343983
26278655 48343985
26278655 48343988
26278655 48343990
26278655 48343992
26278655 48343994
26278655 48343996
26278655 48343998
26367826 48343580
26367826 48343582
26367826 48343586
26367826 48609995
26367826 48343596
26278701 48345288
26278701 48345286
26278701 48345284
26278701 48345282
26278701 48345290
26278701 48345292
26278701 48345298
26278701 48345296
26278701 48345300
26278701 48345294
26373111 48345793
26373111 48345795
26373111 48345791
26373111 48345787
26373111 48345789
26373114 48360083
26373114 48360081
26373114 48360085
26373114 48360077
26373114 48360079
26373116 48360353
26373116 48360351
26373116 48360355
26373116 48360349
26373116 48360357
26494731 48617696
26494731 48618053
26494731 48644206
26710166 48613726
26375702 48359500
26375702 48359502
26375702 48359504
26375702 48359506
26394941 48630971
26394941 48630975
26548754 48609748
26548754 48611196
26548754 48611198
26548754 48611200
26548754 48611202
26548754 48611204
26548754 48611206
26730806 48617677
26730803 48625171
26424105 48174394
26424105 48174413
26424105 48174418
26424105 48174411
26424105 48174409
26424105 48174404
26424105 48174416
26424105 48174407
26430540 48176709
26430540 48176707
26430540 48176711
26430540 48180229
26430540 48176713
26430540 48180218
26430540 48180208
26430540 48180196
26430540 48180186
26430540 48176703
26430540 48176701
26430540 48180178
26430540 48180175
26430540 48180173
26430540 48176705
26430540 48176697
26365896 48333306
26365896 48333310
26365896 48333308
26365896 48333316
26365896 48333314
26365896 48333318
26365896 48333312
26365896 48333320
26365896 48333322
26365896 48333324
26365896 48333336
26365896 48333338
26365896 48333340
26365896 48333342
26365896 48333350
26365896 48333356
26365896 48333344
26365896 48333361
26365896 48333346
26365896 48333363
26717704 48447188
26717704 48447186
26717704 48447190
26705590 48618023
26705590 48617995
26705590 48618027
26705590 48618017
26705590 48618015
26705590 48617999
26705590 48618009
26705590 48618021
26705590 48618001
26705590 48618025
26705590 48617997
26705590 48618005
26705590 48618029
26705590 48641315
26705590 48618007
26705590 48618011
26705590 48618003
26705590 48618013
26705590 48618019
26409811 48344162
26409811 48344158
26409811 48344160
26409811 48344164
26409811 48344154
26409811 48344150
26409811 48344166
26409811 48344156
26409811 48344170
26409811 48344152
26409811 48344168
26349628 48333483
26349628 48333485
26349628 48333487
26349628 48333489
26349628 48333491
26349628 48333493
26349628 48333495
26349628 48333497
26349628 48333499
26349628 48333501
26349628 48573499
26349628 48573504
26349628 48573507
26349628 48573496
26349628 48573502
26349628 48573513
26349628 48573510
26349628 48573494
26349628 48573491
26349628 48573489
26630435 48593296
26630435 48593292
26630435 48593299
26630435 48593294
26394936 48345569
26394936 48345614
26394936 48345564
26394936 48345603
26394936 48345581
26394936 48345558
26394936 48345609
26394936 48345597
26394936 48345592
26394936 48345575
26394936 48345586
26713970 48642023
26713970 48642025
26713970 48642027
26407537 48368970
26407537 48368982
26407537 48368972
26407537 48368974
26407537 48368986
26407537 48368984
26407537 48368980
26407537 48368968
26407537 48368978
26407537 48368976
26407539 48369149
26407539 48369161
26407539 48369159
26407539 48369151
26407539 48369157
26407539 48369155
26407539 48369165
26407539 48369167
26407539 48369153
26407539 48369163
26407587 48369549
26407587 48369542
26407587 48369540
26407587 48369538
26407587 48369544
26407587 48369551
26407587 48369555
26407587 48369557
26407587 48369553
26407587 48369546
26407662 48370848
26407662 48370852
26407662 48370840
26407662 48370834
26407662 48370844
26407662 48370836
26407662 48370838
26407662 48370846
26407662 48370850
26407662 48370842
26292448 48112410
26292448 48112416
26292448 48112414
26292448 48112418
26292448 48112412
26292448 48112420
26292448 48112422
26292448 48112424
26292448 48112426
26292448 48269942
26292448 48269938
26292448 48269940
26292448 48269944
26292448 48269948
26292448 48269946
26292448 48269950
26292448 48269952
26292448 48269954
26303806 48112432
26303806 48112428
26303806 48112430
26303806 48112436
26303806 48112434
26303806 48112438
26303806 48112443
26303806 48112440
26303806 48112445
26317185 48112447
26317185 48112449
26317185 48112451
26317185 48112457
26317185 48112453
26317185 48112455
26317185 48112461
26317185 48112459
26317185 48112463
26317185 48112465
26290179 48333144
26290179 48333138
26290179 48333132
26290179 48333134
26290179 48333136
26290179 48333142
26290179 48333140
26290179 48333146
26290179 48333148
26290179 48333273
26303804 48344044
26303804 48344048
26303804 48344050
26303804 48344052
26303804 48344054
26303804 48344056
26303804 48344060
26303804 48344058
26303804 48344062
26303804 48344046
26692317 48615057
26692317 48615045
26692317 48615054
26692317 48615062
26692317 48618707
26692317 48615052
26692317 48615059
26692317 48615065
26692317 48615069
26636788 48614889
26636788 48607205
26636788 48643152
26636788 48643154
26722654 48473639
26722654 48473641
26722654 48473652
26722654 48473654
26722654 48473656
26722654 48473658
26722654 48473660
26722654 48473662
26716590 48618055
26732890 48642934
26732890 48652369
26717993 48542812
26717993 48542814
26717993 48542816
26717993 48542818
26717993 48542820
26717993 48542822
26597271 48643100
26597271 48625725
26597271 48625743
26597271 48643147
26597271 48625752
26597271 48625760
26597271 48630437
26597271 48629698
26597271 48643308
26597271 48641312
26597271 48641308
26597271 48643488
26597271 48630044
26597271 48641052
26597271 48641317
26597271 48641054
26597271 48641319
26597271 48625735
26597271 48630042
26597271 48630040
26597271 48641058
26597271 48625731
26597271 48643417
26597271 48629647
26597271 48643436
26597271 48625733
26597271 48626248
26597271 48641060
26597271 48629317
26597271 48643421
26597271 48643188
26597271 48630007
26597271 48643423
26597271 48643430
26597271 48643485
26597271 48630030
26597271 48643432
26597271 48644193
26597271 48625721
26597271 48630032
26597271 48630112
26597271 48643425
26597271 48630787
26597271 48630036
26597271 48630038
26597271 48641310
26597271 48643427
26745211 48639659
26317118 48334801
26317118 48334803
26317118 48334807
26317118 48334809
26317118 48334805
26317118 48334811
26317118 48334813
26317118 48334815
26616946 48542853
26616946 48542855
26616946 48542851
26347253 48368594
26347253 48368600
26347253 48368605
26347253 48368596
26347253 48368603
26347253 48368598
26347253 48368609
26347253 48368607
26737402 48566839
26737402 48566841
26737402 48566848
26737402 48566846
26317195 48344092
26317195 48344094
26317195 48344096
26317195 48344098
26317195 48344100
26317195 48344102
26317195 48344106
26317195 48344104
26317195 48344108
26373861 48370487
26373861 48370489
26373861 48370491
26373861 48370493
26373861 48370485
26373861 48370495
26373861 48370499
26373861 48370497
26373861 48370501
26373861 48370503
26394669 48345741
26394669 48345753
26394669 48345743
26394669 48345757
26394669 48345749
26394669 48345745
26714003 48615547
26714003 48615557
26714003 48615561
26714003 48615569
26714003 48615578
26714003 48615585
26717991 48617991
26717991 48617993
26717991 48644198
26717991 48644200
26717991 48644204
26716113 48617989
26743996 48641281
26744876 48618031
26360472 48345238
26360472 48345230
26360472 48345232
26360472 48345228
26360472 48345240
26360472 48345242
26360472 48345234
26360472 48345226
26360472 48345236
26691612 48558382
26691612 48558389
26691612 48558414
26691612 48558372
26691612 48558400
26691612 48558394
26691612 48558377
26691612 48558417
26733119 48642974
26733119 48642977
26733119 48642980
26381546 48345805
26381546 48345807
26381546 48345809
26381546 48345811
26381546 48345815
26381546 48345813
26381546 48345817
26381546 48345819
26381546 48345821
26734149 48615210
26734149 48615214
26715462 48641163
26705723 48378193
26705723 48378195
26705723 48378197
26705723 48378200
26705723 48378202
26705723 48378204
26290175 48333662
26290175 48333664
26290175 48333666
26290175 48451037
26290175 48451039
26567666 48644230
26567666 48625723
26567666 48641493
26567666 48641056
26567666 48643434
26744874 48617985
26630857 48617987
26668788 48644218
26735981 48617969
26735981 48617973
26477233 48618051
26730788 48617951
26665018 48640374
26730785 48607805
26730785 48607807
26695036 48357847
26695036 48357849
26695036 48357852
26695036 48357854
26695036 48357856
26695036 48357858
26695036 48357860
26695036 48357862
26695036 48357864
26744878 48641877
26744878 48618196
26744878 48641875
26744878 48641879
26731909 48640886
26731909 48617953
26730844 48525394
26730844 48525391
26730844 48525377
26730844 48525400
